506 594
119 258
365 285
457 223
202 336
123 66
382 500
262 169
332 241
69 355
321 37
428 246
123 344
252 230
420 3
214 317
248 183
312 99
45 150
251 382
401 447
284 260
72 137
94 303
460 301
345 52
64 28
111 165
127 379
135 22
33 227
308 200
122 311
324 199
188 163
125 182
495 192
459 380
258 168
174 492
250 455
276 120
163 254
221 72
148 477
171 15
230 349
175 140
85 138
266 319
401 115
297 177
164 62
377 74
237 413
464 205
149 278
83 457
188 38
465 58
103 127
41 192
459 168
266 348
285 240
173 31
414 173
354 341
484 449
505 101
382 147
340 240
13 472
372 458
266 224
457 47
179 209
216 274
75 106
223 501
302 30
294 502
240 434
297 481
429 248
478 245
39 364
181 462
292 306
179 493
301 314
83 62
289 127
357 206
462 80
266 378
226 4
304 353
358 344
1 85
176 396
29 19
251 212
9 320
28 260
488 274
432 236
201 494
452 233
214 114
77 92
20 349
487 101
20 35
60 334
104 454
306 95
317 411
285 64
317 78
118 38
178 202
98 497
452 495
308 316
406 126
130 393
8 84
377 185
37 151
193 479
260 199
157 34
474 338
424 296
210 389
421 136
501 40
419 323
252 495
155 30
233 250
434 483
324 418
87 234
34 100
27 167
390 145
283 484
46 65
24 114
72 13
107 18
211 500
397 473
171 55
439 48
502 164
247 11
271 179
215 57
251 191
262 110
362 255
252 357
263 440
277 187
472 41
464 220
144 416
273 330
22 120
63 485
167 485
171 227
403 273
214 372
356 473
369 386
257 502
161 461
248 40
211 236
283 253
81 461
206 28
372 360
412 390
35 132
128 282
449 382
84 25
459 495
227 410
337 505
178 78
468 147
255 317
82 487
415 333
203 420
405 215
22 376
406 359
466 471
438 238
258 481
54 285
378 224
87 221
10 378
421 82
284 128
65 225
106 95
308 54
223 301
79 30
483 375
4 84
90 374
450 372
68 445
326 493
94 476
445 364
401 194
323 331
504 324
436 399
312 182
253 372
163 385
16 462
402 25
308 3
220 3
132 141
434 50
15 344
308 77
132 135
155 449
158 29
483 254
31 160
444 111
277 413
121 79
209 188
430 369
92 69
168 442
145 398
63 182
402 454
310 92
92 235
50 119
217 219
227 492
484 148
499 149
65 110
231 224
21 355
347 332
420 444
490 63
472 218
305 266
471 301
358 82
355 352
19 43
364 3
367 495
466 443
390 450
76 20
378 36
167 345
162 48
108 483
178 153
250 492
152 504
420 467
21 183
296 418
299 219
91 189
365 19
494 357
371 482
55 41
493 453
346 269
99 127
140 310
479 378
174 372
298 377
357 369
75 505
422 207
155 164
227 160
450 483
485 144
59 256
113 202
98 210
505 204
158 151
368 400
44 491
444 427
45 225
397 494
168 126
283 372
60 354
392 330
227 187
324 122
148 502
252 224
266 478
274 89
378 153
211 429
137 23
163 170
226 305
115 226
87 496
482 439
479 246
142 250
323 175
483 477
333 247
252 48
240 221
162 73
457 308
117 16
421 359
235 38
191 223
105 427
73 99
35 158
21 318
250 20
336 24
271 203
175 239
97 396
277 116
436 5
144 43
275 284
380 467
19 120
12 105
60 101
71 57
405 234
212 95
28 427
476 143
242 433
38 420
346 182
263 344
266 75
293 100
283 31
330 256
283 59
299 130
8 232
469 171
132 119
340 369
184 183
89 9
35 2
306 347
247 466
121 343
363 173
344 490
314 477
279 374
409 462
317 474
128 346
135 11
470 372
288 228
347 400
160 84
492 284
65 282
230 489
9 323
444 462
273 340
393 484
362 161
345 471
465 228
371 120
386 195
373 295
383 381
178 399
501 469
13 261
504 30
412 503
144 426
453 499
31 172
74 300
124 491
10 127
388 381
440 438
219 372
404 376
414 441
107 134
145 45
466 309
327 133
486 333
254 348
327 39
280 377
90 215
122 73
172 397
371 51
11 120
29 81
43 132
132 36
89 209
320 355
491 211
270 479
497 6
183 378
41 55
402 158
347 283
189 255
342 269
215 269
94 34
347 281
247 90
354 202
219 259
119 224
466 23
105 5
357 99
180 392
189 178
476 66
133 428
201 355
448 287
253 445
105 52
261 457
370 494
233 407
157 486
160 288
441 178
198 324
178 185
403 243
89 329
81 421
64 281
149 324
394 505
259 437
7 179
119 415
267 154
140 369
372 279
235 208
19 189
130 460
231 383
177 264
389 10
356 282
476 345
393 89
346 414
13 158
228 281
263 59
288 57
25 45
35 377
316 94
378 403
380 151
194 93
12 328
501 49
503 328
343 444
428 266
51 24
463 266
78 486
296 413
372 401
448 326
153 219
355 139
41 189
99 448
13 444
152 321
2 335
232 180
284 441
222 350
135 265
499 12
419 50
16 398
108 473
284 298
151 191
176 283
200 365
287 154
346 485
253 113
377 143
265 248
254 116
130 437
180 98
192 393
225 344
225 496
173 206
341 46
160 359
171 316
160 455
486 425
154 68
5 155
13 387
140 277
291 274
145 497
343 353
119 53
505 288
58 361
140 297
487 141
145 207
458 18
477 455
89 305
136 210
283 113
94 37
381 343
204 454
206 405
61 350
208 313
241 118
316 378
397 125
285 362
